-1.35, 1.8, -0.75, 1.825, -0.85, 1.65, -0.6, 1.5
-1.35, 1.8, -0.85, 1.65, -1.5, 1.3, -0.825, 1.075
-0.85, 1.65, -0.825, 1.075, -0.6, 1.5, -0.5, 1.1
-0.6, 1.5, -0.5, 1.1, -0.3, 1.4, -0.2, 1.1
-0.6, 1.5, -0.3, 1.4, -0.75, 1.825, -0.475, 1.725
-1.5, 1.3, -1.35, 1.8, -1.5, 1.425, -1.4, 1.7
-1.475, 1.925, -1.35, 1.8, -1.575, 1.75, -1.4, 1.7
-1.575, 1.75, -1.4, 1.7, -1.625, 1.475, -1.5, 1.425
-1.625, 1.475, -1.5, 1.425, -1.625, 1.3, -1.5, 1.3
-1.625, 1.3, -1.5, 1.3, -1.6, 1.15, -1.475, 1.15
-1.5, 1.3, -1.475, 1.15, -0.825, 1.075, -1.075, 1.05
-1.6, 1.15, -1.475, 1.15, -1.575, 1.0, -1.45, 0.925
-1.475, 1.15, -1.075, 1.05, -1.45, 0.925, -1.05, 0.825
-1.075, 1.05, -0.825, 1.075, -0.625, 1.05, -0.5, 1.1
-1.075, 1.05, -1.05, 0.825, -0.625, 1.05, -0.525, 0.725
-0.625, 1.05, -0.5, 1.1, -0.2, 1.0, -0.2, 1.1
-0.625, 1.05, -0.525, 0.725, -0.2, 1.0, -0.175, 0.725
-0.2, 1.0, -0.175, 0.725, 0.1, 1.0, 0.1, 0.725
-0.2, 1.1, -0.2, 1.0, 0.1, 1.175, 0.1, 1.0
-0.2, 1.1, 0.1, 1.175, -0.3, 1.4, 0.075, 1.45
-0.3, 1.4, 0.075, 1.45, -0.475, 1.725, 0.0, 1.7
-0.75, 1.825, -0.1, 1.95, -0.475, 1.725, 0.0, 1.7
-1.475, 1.925, -1.35, 1.8, -0.825, 2.05, -0.75, 1.825
-0.825, 2.05, -0.75, 1.825, -0.225, 2.125, -0.1, 1.95
